0 07-06-2006 11:04:18 0 0 0 0 15 042
0 07-06-2006 11:04:48 0 0 0 0 15 041
0 07-06-2006 11:05:00 0 0 0 0 15 061
0 07-06-2006 11:05:30 0 0 0 0 15 082
0 07-06-2006 11:06:00 0 0 0 0 15 081
0 07-06-2006 11:06:30 0 0 0 0 15 077
0 07-06-2006 11:07:00 0 0 0 0 15 077
0 07-06-2006 11:07:30 0 0 0 0 15 082
0 07-06-2006 11:08:00 0 0 0 0 14 082
0 07-06-2006 11:08:30 0 0 0 0 15 083
0 07-06-2006 11:09:00 0 0 0 0 15 082
0 07-06-2006 11:09:30 0 0 0 0 15 080
0 07-06-2006 11:10:00 0 0 0 0 15 076
0 07-06-2006 11:10:30 0 0 0 0 15 078
0 07-06-2006 11:11:00 0 0 0 0 15 081
0 07-06-2006 11:11:30 0 0 0 0 15 082
0 07-06-2006 11:12:00 0 0 0 0 15 081
0 07-06-2006 11:12:30 0 0 0 0 15 081
0 07-06-2006 11:13:00 0 0 0 0 15 080
0 07-06-2006 11:13:30 0 0 0 0 14 081
0 07-06-2006 11:14:00 0 0 0 0 04 078
0 07-06-2006 11:14:30 0 0 0 0 00 071
0 07-06-2006 11:15:00 0 0 0 0 03 070
0 07-06-2006 11:15:30 0 0 0 0 00 068
0 07-06-2006 11:16:00 0 0 0 0 07 071
0 07-06-2006 11:16:30 0 0 0 0 00 072
0 07-06-2006 11:17:00 0 0 0 0 00 068
0 07-06-2006 11:17:30 0 0 0 0 02 067
0 07-06-2006 11:18:00 0 0 0 0 00 066
0 07-06-2006 11:18:30 0 0 0 0 09 073
0 07-06-2006 11:19:00 0 0 0 0 15 079
0 07-06-2006 11:19:30 0 0 0 0 15 083
0 07-06-2006 11:20:00 0 0 0 0 15 086
0 07-06-2006 11:20:30 0 0 0 0 15 080
0 07-06-2006 11:21:00 0 0 0 0 15 088
0 07-06-2006 11:21:30 0 0 0 0 15 085
0 07-06-2006 11:22:00 0 0 0 0 15 081
0 07-06-2006 11:22:30 0 0 0 0 15 082
0 07-06-2006 11:23:00 0 0 0 0 15 083
0 07-06-2006 11:23:30 0 0 0 0 15 080
0 07-06-2006 11:24:00 0 0 0 0 13 076
0 07-06-2006 11:24:30 0 0 0 0 04 073
0 07-06-2006 11:25:00 0 0 0 0 06 072
0 07-06-2006 11:25:30 0 0 0 0 04 072
0 07-06-2006 11:26:00 0 0 0 0 00 070
0 07-06-2006 11:26:30 0 0 0 0 08 076
0 07-06-2006 11:27:00 0 0 0 0 15 081
0 07-06-2006 11:27:30 0 0 0 0 15 079
0 07-06-2006 11:28:00 0 0 0 0 15 081
0 07-06-2006 11:28:30 0 0 0 0 11 078
0 07-06-2006 11:29:00 0 0 0 0 00 071
0 07-06-2006 11:29:30 0 0 0 0 00 069
0 07-06-2006 11:30:00 0 0 0 0 02 070
0 07-06-2006 11:30:30 0 0 0 0 02 070
0 07-06-2006 11:31:00 0 0 0 0 11 092
0 07-06-2006 11:31:30 0 0 0 0 15 084
0 07-06-2006 11:32:00 0 0 0 0 15 079
0 07-06-2006 11:32:30 0 0 0 0 15 081
0 07-06-2006 11:33:00 0 0 0 0 15 084
0 07-06-2006 11:33:30 0 0 0 0 15 080
0 07-06-2006 11:34:00 0 0 0 0 11 078
0 07-06-2006 11:34:30 0 0 0 0 00 075
0 07-06-2006 11:35:00 0 0 0 0 00 068
0 07-06-2006 11:35:30 0 0 0 0 00 067
0 07-06-2006 11:36:00 0 0 0 0 00 065
0 07-06-2006 11:36:30 0 0 0 0 00 064
0 07-06-2006 11:37:00 0 0 0 0 04 068
0 07-06-2006 11:37:30 0 0 0 0 00 068
0 07-06-2006 11:38:00 0 0 0 0 00 065
0 07-06-2006 11:38:30 0 0 0 0 00 065
0 07-06-2006 11:39:00 0 0 0 0 00 065
0 07-06-2006 11:39:30 0 0 0 0 00 066
0 07-06-2006 11:40:00 0 0 0 0 04 068
0 07-06-2006 11:40:30 0 0 0 0 00 066
0 07-06-2006 11:41:00 0 0 0 0 00 063
0 07-06-2006 11:41:30 0 0 0 0 00 064
0 07-06-2006 11:42:00 0 0 0 0 00 064
0 07-06-2006 11:42:30 0 0 0 0 03 064
0 07-06-2006 11:43:00 0 0 0 0 04 068
0 07-06-2006 11:43:30 0 0 0 0 00 067
0 07-06-2006 11:44:00 0 0 0 0 00 064
0 07-06-2006 11:44:30 0 0 0 0 00 065
0 07-06-2006 11:45:00 0 0 0 0 00 067
0 07-06-2006 11:45:30 0 0 0 0 00 066
0 07-06-2006 11:46:00 0 0 0 0 00 065
0 07-06-2006 11:46:30 0 0 0 0 01 067
0 07-06-2006 11:47:00 0 0 0 0 08 071
0 07-06-2006 11:47:30 0 0 0 0 15 073
0 07-06-2006 11:48:00 0 0 0 0 15 076
0 07-06-2006 11:48:30 0 0 0 0 15 080
0 07-06-2006 11:49:00 0 0 0 0 13 079
0 07-06-2006 11:49:30 0 0 0 0 02 071
0 07-06-2006 11:50:00 0 0 0 0 08 068
0 07-06-2006 11:50:30 0 0 0 0 00 066
0 07-06-2006 11:51:00 0 0 0 0 03 062
0 07-06-2006 11:51:30 0 0 0 0 00 063
0 07-06-2006 11:52:00 0 0 0 0 02 063
0 07-06-2006 11:52:30 0 0 0 0 00 066
0 07-06-2006 11:53:00 0 0 0 0 00 066
0 07-06-2006 11:53:30 0 0 0 0 00 063
0 07-06-2006 11:54:00 0 0 0 0 00 064
0 07-06-2006 11:54:30 0 0 0 0 00 069
0 07-06-2006 11:55:00 0 0 0 0 00 070
0 07-06-2006 11:55:30 0 0 0 0 00 068
0 07-06-2006 11:56:00 0 0 0 0 00 066
0 07-06-2006 11:56:30 0 0 0 0 04 069
0 07-06-2006 11:57:00 0 0 0 0 04 072
0 07-06-2006 11:57:30 0 0 0 0 09 086
0 07-06-2006 11:58:00 0 0 0 0 15 080
0 07-06-2006 11:58:30 0 0 0 0 15 078
0 07-06-2006 11:59:00 0 0 0 0 15 079
0 07-06-2006 11:59:30 0 0 0 0 15 077
0 07-06-2006 12:00:00 0 0 0 0 15 079
0 07-06-2006 12:00:30 0 0 0 0 15 078
0 07-06-2006 12:01:00 0 0 0 0 15 077
0 07-06-2006 12:01:30 0 0 0 0 15 078
0 07-06-2006 12:02:00 0 0 0 0 15 080
0 07-06-2006 12:02:30 0 0 0 0 15 083
0 07-06-2006 12:03:00 0 0 0 0 15 083
0 07-06-2006 12:03:30 0 0 0 0 15 080
0 07-06-2006 12:04:00 0 0 0 0 15 075
0 07-06-2006 12:04:30 0 0 0 0 15 075
0 07-06-2006 12:05:00 0 0 0 0 09 079
0 07-06-2006 12:05:30 0 0 0 0 00 073
0 07-06-2006 12:06:00 0 0 0 0 00 065
0 07-06-2006 12:06:30 0 0 0 0 00 063
0 07-06-2006 12:07:00 0 0 0 0 00 061
0 07-06-2006 12:07:30 0 0 0 0 00 062
0 07-06-2006 12:08:00 0 0 0 0 00 072
0 07-06-2006 12:08:30 0 0 0 0 00 064
0 07-06-2006 12:09:00 0 0 0 0 00 072
0 07-06-2006 12:09:30 0 0 0 0 00 081
0 07-06-2006 12:10:00 0 0 0 0 00 067
0 07-06-2006 12:10:30 0 0 0 0 00 073
0 07-06-2006 12:11:00 0 0 0 0 00 071
0 07-06-2006 12:11:30 0 0 0 0 00 059
0 07-06-2006 12:12:00 0 0 0 0 00 073
0 07-06-2006 12:12:30 0 0 0 0 00 079
0 07-06-2006 12:13:00 0 0 0 0 00 059
0 07-06-2006 12:13:30 0 0 0 0 00 075
0 07-06-2006 12:14:00 0 0 0 0 00 075
0 07-06-2006 12:14:30 0 0 0 0 00 059
0 07-06-2006 12:15:00 0 0 0 0 00 074
0 07-06-2006 12:15:30 0 0 0 0 00 069
0 07-06-2006 12:16:00 0 0 0 0 07 078
0 07-06-2006 12:16:30 0 0 0 0 15 061
0 07-06-2006 12:17:00 0 0 0 0 15 065
0 07-06-2006 12:17:30 0 0 0 0 15 063
0 07-06-2006 12:18:00 0 0 0 0 15 073
0 07-06-2006 12:18:30 0 0 0 0 15 064
0 07-06-2006 12:19:00 0 0 0 0 15 064
0 07-06-2006 12:19:30 0 0 0 0 15 063
0 07-06-2006 12:20:00 0 0 0 0 13 073
0 07-06-2006 12:20:30 0 0 0 0 15 062
0 07-06-2006 12:21:00 0 0 0 0 15 057
0 07-06-2006 12:21:30 0 0 0 0 15 063
0 07-06-2006 12:22:00 0 0 0 0 15 075
0 07-06-2006 12:22:30 0 0 0 0 10 064
0 07-06-2006 12:23:00 0 0 0 0 00 075
0 07-06-2006 12:23:30 0 0 0 0 00 064
0 07-06-2006 12:24:00 0 0 0 0 00 065
0 07-06-2006 12:24:30 0 0 0 0 00 064
0 07-06-2006 12:25:00 0 0 0 0 00 056
0 07-06-2006 12:25:30 0 0 0 0 00 065
0 07-06-2006 12:26:00 0 0 0 0 00 062
0 07-06-2006 12:26:30 0 0 0 0 00 063
0 07-06-2006 12:27:00 0 0 0 0 00 058
0 07-06-2006 12:27:30 0 0 0 0 00 061
0 07-06-2006 12:28:00 0 0 0 0 00 071
0 07-06-2006 12:28:30 0 0 0 0 00 072
0 07-06-2006 12:29:00 0 0 0 0 00 080
0 07-06-2006 12:29:30 0 0 0 0 00 065
0 07-06-2006 12:30:00 0 0 0 0 00 065
0 07-06-2006 12:30:30 0 0 0 0 11 081
0 07-06-2006 12:31:00 0 0 0 0 15 066
0 07-06-2006 12:31:30 0 0 0 0 13 059
0 07-06-2006 12:32:00 0 0 0 0 15 053
0 07-06-2006 12:32:30 0 0 0 0 15 083
0 07-06-2006 12:33:00 0 0 0 0 13 057
0 07-06-2006 12:33:30 0 0 0 0 13 060
0 07-06-2006 12:34:00 0 0 0 0 15 066
0 07-06-2006 12:34:30 0 0 0 0 15 065
0 07-06-2006 12:35:00 0 0 0 0 15 058
0 07-06-2006 12:35:30 0 0 0 0 15 054
0 07-06-2006 12:36:00 0 0 0 0 15 061
0 07-06-2006 12:36:30 0 0 0 0 15 055
0 07-06-2006 12:37:00 0 0 0 0 04 068
0 07-06-2006 12:37:30 0 0 0 0 00 071
0 07-06-2006 12:38:00 0 0 0 0 00 060
0 07-06-2006 12:38:30 0 0 0 0 00 067
0 07-06-2006 12:39:00 0 0 0 0 00 068
0 07-06-2006 12:39:30 0 0 0 0 00 063
0 07-06-2006 12:40:00 0 0 0 0 00 053
0 07-06-2006 12:40:30 0 0 0 0 00 054
0 07-06-2006 12:41:00 0 0 0 0 04 074
0 07-06-2006 12:41:30 0 0 0 0 11 057
0 07-06-2006 12:42:00 0 0 0 0 14 061
0 07-06-2006 12:42:30 0 0 0 0 15 071
0 07-06-2006 12:43:00 0 0 0 0 15 063
0 07-06-2006 12:43:30 0 0 0 0 15 058
0 07-06-2006 12:44:00 0 0 0 0 15 066
0 07-06-2006 12:44:30 0 0 0 0 15 056
0 07-06-2006 12:45:00 0 0 1 0 15 051
0 07-06-2006 12:45:30 0 0 1 0 15 070
0 07-06-2006 12:46:00 0 0 1 0 15 053
0 07-06-2006 12:46:30 0 0 1 0 15 044
0 07-06-2006 12:47:00 0 0 1 0 15 066
0 07-06-2006 12:47:30 0 0 1 0 15 045
0 07-06-2006 12:48:00 0 0 1 0 15 068
0 07-06-2006 12:48:30 0 0 1 0 15 068
0 07-06-2006 12:49:00 0 0 1 0 15 067
0 07-06-2006 12:49:30 0 0 1 0 15 052
0 07-06-2006 12:50:00 0 0 1 0 15 057
0 07-06-2006 12:50:30 0 0 1 0 15 043
0 07-06-2006 12:51:00 0 0 1 0 15 053
0 07-06-2006 12:51:30 0 0 1 0 00 053
0 07-06-2006 12:52:00 0 0 1 0 00 058
0 07-06-2006 12:52:30 0 0 1 0 04 050
0 07-06-2006 12:53:00 0 0 1 0 00 044
0 07-06-2006 12:53:30 0 0 1 0 00 064
0 07-06-2006 12:54:00 0 0 1 0 00 058
0 07-06-2006 12:54:30 0 0 1 0 00 059
0 07-06-2006 12:55:00 0 0 1 0 00 063
0 07-06-2006 12:55:30 0 0 1 0 00 059
0 07-06-2006 12:56:00 0 0 1 0 00 075
0 07-06-2006 12:56:30 0 0 1 0 00 060
0 07-06-2006 12:57:00 0 0 1 0 00 060
0 07-06-2006 12:57:30 0 0 1 0 03 072
0 07-06-2006 12:58:00 0 0 1 0 09 052
0 07-06-2006 12:58:30 0 0 1 0 15 049
0 07-06-2006 12:59:00 0 0 1 0 15 048
0 07-06-2006 12:59:30 0 0 1 0 15 072
0 07-06-2006 13:00:00 0 0 1 0 15 063
0 07-06-2006 13:00:30 0 0 1 0 15 056
0 07-06-2006 13:01:00 0 0 1 0 15 067
0 07-06-2006 13:01:30 0 0 1 0 15 048
0 07-06-2006 13:02:00 0 0 1 0 15 055
0 07-06-2006 13:02:30 0 0 1 0 15 060
0 07-06-2006 13:03:00 0 0 1 0 15 062
0 07-06-2006 13:03:30 0 0 1 0 15 064
0 07-06-2006 13:04:00 0 0 1 0 15 053
0 07-06-2006 13:04:30 0 0 1 0 15 061
0 07-06-2006 13:05:00 0 0 1 0 15 061
0 07-06-2006 13:05:30 0 0 1 0 15 061
0 07-06-2006 13:06:00 0 0 1 0 15 059
0 07-06-2006 13:06:30 0 0 1 0 15 046
0 07-06-2006 13:07:00 0 0 1 0 15 046
0 07-06-2006 13:07:30 0 0 1 0 08 058
0 07-06-2006 13:08:00 0 0 1 0 00 066
0 07-06-2006 13:08:30 0 0 1 0 00 050
0 07-06-2006 13:09:00 0 0 1 0 00 053
0 07-06-2006 13:09:30 0 0 1 0 00 057
0 07-06-2006 13:10:00 0 0 1 0 09 053
0 07-06-2006 13:10:30 0 0 1 0 15 065
0 07-06-2006 13:11:00 0 0 1 0 15 054
0 07-06-2006 13:11:30 0 0 1 0 15 058
0 07-06-2006 13:12:00 0 0 1 0 15 050
0 07-06-2006 13:12:30 0 0 1 0 15 052
0 07-06-2006 13:13:00 0 0 1 0 15 065
0 07-06-2006 13:13:30 0 0 1 0 15 047
0 07-06-2006 13:14:00 0 0 1 0 15 040
0 07-06-2006 13:14:30 0 0 1 0 15 051
0 07-06-2006 13:15:00 0 0 1 0 15 047
0 07-06-2006 13:15:30 0 0 1 0 15 050
0 07-06-2006 13:16:00 0 0 1 0 14 043
0 07-06-2006 13:16:30 0 0 1 0 15 056
0 07-06-2006 13:17:00 0 0 1 0 15 042
0 07-06-2006 13:17:30 0 0 1 0 15 045
0 07-06-2006 13:18:00 0 0 1 0 15 045
0 07-06-2006 13:18:30 0 0 1 0 15 046
0 07-06-2006 13:19:00 0 0 1 0 15 047
0 07-06-2006 13:19:30 0 0 1 0 15 052
0 07-06-2006 13:20:00 0 0 1 0 15 045
0 07-06-2006 13:20:30 0 0 1 0 15 043
0 07-06-2006 13:21:00 0 0 1 0 15 058
0 07-06-2006 13:21:30 0 0 1 0 14 054
0 07-06-2006 13:22:00 0 0 1 0 04 057
0 07-06-2006 13:22:30 0 0 1 0 00 052
0 07-06-2006 13:23:00 0 0 1 0 03 040
0 07-06-2006 13:23:30 0 0 1 0 00 040
0 07-06-2006 13:24:00 0 0 1 0 07 033
0 07-06-2006 13:24:30 0 0 1 0 00 056
0 07-06-2006 13:25:00 0 0 1 0 00 049
0 07-06-2006 13:25:30 0 0 1 0 02 043
0 07-06-2006 13:26:00 0 0 1 0 00 054
0 07-06-2006 13:26:30 0 0 1 0 09 051
0 07-06-2006 13:27:00 0 0 1 0 15 049
0 07-06-2006 13:27:30 0 0 1 0 15 045
0 07-06-2006 13:28:00 0 0 1 0 15 043
0 07-06-2006 13:28:30 0 0 1 0 15 051
0 07-06-2006 13:29:00 0 0 1 0 15 046
0 07-06-2006 13:29:30 0 0 1 0 15 046
0 07-06-2006 13:30:00 0 0 1 0 15 055
0 07-06-2006 13:30:30 0 0 1 0 15 037
0 07-06-2006 13:31:00 0 0 1 0 15 039
0 07-06-2006 13:31:30 0 0 1 0 15 053
0 07-06-2006 13:32:00 0 0 1 0 13 048
0 07-06-2006 13:32:30 0 0 1 0 04 050
0 07-06-2006 13:33:00 0 0 1 0 06 049
0 07-06-2006 13:33:30 0 0 1 0 04 038
0 07-06-2006 13:34:00 0 0 1 0 00 055
0 07-06-2006 13:34:30 0 0 1 0 08 045
0 07-06-2006 13:35:00 0 0 1 0 15 036
0 07-06-2006 13:35:30 0 0 1 0 15 044
0 07-06-2006 13:36:00 0 0 1 0 15 035
0 07-06-2006 13:36:30 0 0 1 0 11 050
0 07-06-2006 13:37:00 0 0 1 0 00 051
0 07-06-2006 13:37:30 0 0 1 0 00 054
0 07-06-2006 13:38:00 0 0 1 0 02 042
0 07-06-2006 13:38:30 0 0 1 0 02 051
0 07-06-2006 13:39:00 0 0 1 0 11 038
0 07-06-2006 13:39:30 0 0 1 0 15 053
0 07-06-2006 13:40:00 0 0 1 0 15 041
0 07-06-2006 13:40:30 0 0 1 0 15 046
0 07-06-2006 13:41:00 0 0 1 0 15 045
0 07-06-2006 13:41:30 0 0 1 0 15 038
0 07-06-2006 13:42:00 0 0 1 0 11 043
0 07-06-2006 13:42:30 0 0 1 0 00 037
0 07-06-2006 13:43:00 0 0 1 0 00 030
0 07-06-2006 13:43:30 0 0 1 0 00 034
0 07-06-2006 13:44:00 0 0 1 0 00 051
0 07-06-2006 13:44:30 0 0 1 0 00 035
0 07-06-2006 13:45:00 0 0 1 0 04 033
0 07-06-2006 13:45:30 0 0 1 0 00 033
0 07-06-2006 13:46:00 0 0 1 0 00 035
0 07-06-2006 13:46:30 0 0 1 0 00 051
0 07-06-2006 13:47:00 0 0 1 0 00 034
0 07-06-2006 13:47:30 0 0 1 0 00 033
0 07-06-2006 13:48:00 0 0 1 0 04 033
0 07-06-2006 13:48:30 0 0 1 0 00 041
0 07-06-2006 13:49:00 0 0 1 0 00 052
0 07-06-2006 13:49:30 0 0 1 0 00 033
0 07-06-2006 13:50:00 0 0 1 0 00 031
0 07-06-2006 13:50:30 0 0 1 0 03 041
0 07-06-2006 13:51:00 0 0 1 0 04 039
0 07-06-2006 13:51:30 0 0 1 0 00 047
0 07-06-2006 13:52:00 0 0 1 0 00 050
0 07-06-2006 13:52:30 0 0 1 0 00 045
0 07-06-2006 13:53:00 0 0 1 0 00 044
0 07-06-2006 13:53:30 0 0 1 0 00 031
0 07-06-2006 13:54:00 0 0 1 0 00 036
0 07-06-2006 13:54:30 0 0 1 0 01 032
0 07-06-2006 13:55:00 0 0 1 0 08 025
0 07-06-2006 13:55:30 0 0 1 0 15 037
0 07-06-2006 13:56:00 0 0 1 0 15 041
0 07-06-2006 13:56:30 0 0 1 0 15 038
0 07-06-2006 13:57:00 0 0 1 0 13 022
0 07-06-2006 13:57:30 0 0 1 0 02 045
0 07-06-2006 13:58:00 0 0 1 0 08 036
0 07-06-2006 13:58:30 0 0 1 0 00 048
0 07-06-2006 13:59:00 0 0 1 0 03 041
0 07-06-2006 13:59:30 0 0 1 0 00 044
0 07-06-2006 14:00:00 0 0 1 0 02 038
0 07-06-2006 14:00:30 0 0 1 0 00 040
0 07-06-2006 14:01:00 0 0 1 0 00 038
0 07-06-2006 14:01:30 0 0 1 0 00 051
0 07-06-2006 14:02:00 0 0 1 0 00 053
0 07-06-2006 14:02:30 0 0 1 0 00 043
0 07-06-2006 14:03:00 0 0 1 0 00 025
0 07-06-2006 14:03:30 0 0 1 0 00 049
0 07-06-2006 14:04:00 0 0 1 0 00 035
0 07-06-2006 14:04:30 0 0 1 0 04 045
0 07-06-2006 14:05:00 0 0 1 0 04 048
0 07-06-2006 14:05:30 0 0 1 0 09 051
0 07-06-2006 14:06:00 0 0 1 0 15 044
0 07-06-2006 14:06:30 0 0 1 0 15 044
0 07-06-2006 14:07:00 0 0 1 0 15 034
0 07-06-2006 14:07:30 0 0 1 0 15 042
0 07-06-2006 14:08:00 0 0 1 0 15 045
0 07-06-2006 14:08:30 0 0 1 0 15 046
0 07-06-2006 14:09:00 0 0 1 0 15 052
0 07-06-2006 14:09:30 0 0 1 0 15 049
0 07-06-2006 14:10:00 0 0 1 0 15 035
0 07-06-2006 14:10:30 0 0 1 0 15 037
0 07-06-2006 14:11:00 0 0 1 0 15 034
0 07-06-2006 14:11:30 0 0 1 0 15 043
0 07-06-2006 14:12:00 0 0 1 0 15 033
0 07-06-2006 14:12:30 0 0 1 0 15 049
0 07-06-2006 14:13:00 0 0 1 0 09 030
0 07-06-2006 14:13:30 0 0 1 0 00 040
0 07-06-2006 14:14:00 0 0 1 0 00 045
0 07-06-2006 14:14:30 0 0 1 0 00 028
0 07-06-2006 14:15:00 0 0 1 0 00 041
0 07-06-2006 14:15:30 0 0 1 0 00 035
0 07-06-2006 14:16:00 0 0 1 0 00 036
0 07-06-2006 14:16:30 0 0 1 0 00 029
0 07-06-2006 14:17:00 0 0 1 0 00 037
0 07-06-2006 14:17:30 0 0 1 0 00 038
0 07-06-2006 14:18:00 0 0 1 0 00 028
0 07-06-2006 14:18:30 0 0 1 0 00 031
0 07-06-2006 14:19:00 0 0 1 0 00 038
0 07-06-2006 14:19:30 0 0 1 0 00 036
0 07-06-2006 14:20:00 0 0 1 0 00 044
0 07-06-2006 14:20:30 0 0 1 0 00 040
0 07-06-2006 14:21:00 0 0 1 0 00 051
0 07-06-2006 14:21:30 0 0 1 0 00 020
0 07-06-2006 14:22:00 0 0 1 0 00 030
0 07-06-2006 14:22:30 0 0 1 0 00 025
0 07-06-2006 14:23:00 0 0 1 0 00 039
0 07-06-2006 14:23:30 0 0 1 0 00 031
0 07-06-2006 14:24:00 0 0 1 0 07 030
0 07-06-2006 14:24:30 0 0 1 0 15 040
0 07-06-2006 14:25:00 0 0 1 0 15 041
0 07-06-2006 14:25:30 0 0 1 0 15 036
0 07-06-2006 14:26:00 0 0 1 0 15 038
0 07-06-2006 14:26:30 0 0 1 0 15 034
0 07-06-2006 14:27:00 0 0 1 0 15 033
0 07-06-2006 14:27:30 0 0 1 0 15 028
0 07-06-2006 14:28:00 0 0 1 0 13 028
0 07-06-2006 14:28:30 0 0 1 0 15 031
0 07-06-2006 14:29:00 0 0 1 0 15 033
0 07-06-2006 14:29:30 0 0 1 0 15 048
0 07-06-2006 14:30:00 0 0 1 0 15 028
0 07-06-2006 14:30:30 0 0 1 0 10 039
0 07-06-2006 14:31:00 0 0 1 0 00 039
0 07-06-2006 14:31:30 0 0 1 0 00 036
0 07-06-2006 14:32:00 0 0 1 0 00 040
0 07-06-2006 14:32:30 0 0 1 0 00 019
0 07-06-2006 14:33:00 0 0 1 0 00 016
0 07-06-2006 14:33:30 0 0 1 0 00 024
0 07-06-2006 14:34:00 0 0 1 0 00 036
0 07-06-2006 14:34:30 0 0 1 0 00 040
0 07-06-2006 14:35:00 0 0 1 0 00 037
0 07-06-2006 14:35:30 0 0 1 0 00 044
0 07-06-2006 14:36:00 0 0 1 0 00 010
0 07-06-2006 14:36:30 0 0 1 0 00 026
0 07-06-2006 14:37:00 0 0 1 0 00 041
0 07-06-2006 14:37:30 0 0 1 0 00 013
0 07-06-2006 14:38:00 0 0 1 0 00 032
0 07-06-2006 14:38:30 0 0 1 0 11 018
0 07-06-2006 14:39:00 0 0 1 0 15 034
0 07-06-2006 14:39:30 0 0 1 0 13 013
0 07-06-2006 14:40:00 0 0 1 0 15 023
0 07-06-2006 14:40:30 0 0 1 0 15 025
0 07-06-2006 14:41:00 0 0 1 0 13 025
0 07-06-2006 14:41:30 0 0 1 0 13 040
0 07-06-2006 14:42:00 0 0 1 0 15 028
0 07-06-2006 14:42:30 0 0 1 0 15 024
0 07-06-2006 14:43:00 0 0 1 0 15 042
0 07-06-2006 14:43:30 0 0 1 0 15 036
0 07-06-2006 14:44:00 0 0 1 0 15 038
0 07-06-2006 14:44:30 0 0 1 0 15 041
0 07-06-2006 14:45:00 0 0 1 0 04 021
0 07-06-2006 14:45:30 0 0 1 0 00 018
0 07-06-2006 14:46:00 0 0 1 0 00 044
0 07-06-2006 14:46:30 0 0 1 0 00 026
0 07-06-2006 14:47:00 0 0 1 0 00 030
0 07-06-2006 14:47:30 0 0 1 0 00 022
0 07-06-2006 14:48:00 0 0 1 0 00 030
0 07-06-2006 14:48:30 0 0 1 0 00 034
0 07-06-2006 14:49:00 0 0 1 0 04 028
0 07-06-2006 14:49:30 0 0 1 0 11 027
0 07-06-2006 14:50:00 0 0 1 0 14 021
0 07-06-2006 14:50:30 0 0 1 0 15 021
0 07-06-2006 14:51:00 0 0 1 0 15 015
0 07-06-2006 14:51:30 0 0 1 0 15 028
0 07-06-2006 14:52:00 0 0 1 0 15 031
0 07-06-2006 14:52:30 0 0 1 0 15 026
0 07-06-2006 14:53:00 0 0 1 0 15 033
0 07-06-2006 14:53:30 0 0 1 0 15 015
0 07-06-2006 14:54:00 0 0 1 0 15 041
0 07-06-2006 14:54:30 0 0 1 0 15 012
0 07-06-2006 14:55:00 0 0 1 0 15 029
0 07-06-2006 14:55:30 0 0 1 0 15 022
0 07-06-2006 14:56:00 0 0 1 0 15 018
0 07-06-2006 14:56:30 0 0 1 0 15 013
0 07-06-2006 14:57:00 0 0 1 0 15 010
0 07-06-2006 14:57:30 0 0 1 0 15 030
0 07-06-2006 14:58:00 0 0 1 0 15 024
0 07-06-2006 14:58:30 0 0 1 0 15 016
0 07-06-2006 14:59:00 0 0 1 0 15 030
0 07-06-2006 14:59:30 0 0 1 0 00 010
0 07-06-2006 15:00:00 0 0 1 0 00 014
0 07-06-2006 15:00:30 0 0 1 0 04 024
0 07-06-2006 15:01:00 0 0 1 0 00 030
0 07-06-2006 15:01:30 0 0 1 0 00 013
0 07-06-2006 15:02:00 0 0 1 0 00 018
0 07-06-2006 15:02:30 0 0 1 0 00 018
0 07-06-2006 15:03:00 0 0 1 0 00 019
0 07-06-2006 15:03:30 0 0 1 0 00 014
0 07-06-2006 15:04:00 0 0 1 0 00 022
0 07-06-2006 15:04:30 0 0 1 0 00 011
0 07-06-2006 15:05:00 0 0 1 0 00 020
0 07-06-2006 15:05:30 0 0 1 0 03 018
0 07-06-2006 15:06:00 0 0 1 0 09 010
0 07-06-2006 15:06:30 0 0 1 0 15 028
0 07-06-2006 15:07:00 0 0 1 0 15 031
0 07-06-2006 15:07:30 0 0 1 0 15 029
0 07-06-2006 15:08:00 0 0 1 0 15 017
0 07-06-2006 15:08:30 0 0 1 0 15 021
0 07-06-2006 15:09:00 0 0 1 0 15 036
0 07-06-2006 15:09:30 0 0 1 0 15 029
0 07-06-2006 15:10:00 0 0 1 0 15 023
0 07-06-2006 15:10:30 0 0 1 0 15 016
0 07-06-2006 15:11:00 0 0 1 0 15 037
0 07-06-2006 15:11:30 0 0 1 0 15 025
0 07-06-2006 15:12:00 0 0 1 0 15 016
0 07-06-2006 15:12:30 0 0 1 0 15 010
0 07-06-2006 15:13:00 0 0 1 0 15 021
0 07-06-2006 15:13:30 0 0 1 0 15 015
0 07-06-2006 15:14:00 0 0 1 0 15 015
0 07-06-2006 15:14:30 0 0 1 0 15 010
0 07-06-2006 15:15:00 0 0 1 0 15 017
0 07-06-2006 15:15:30 0 0 1 0 08 020
0 07-06-2006 15:16:00 0 0 1 0 00 024
0 07-06-2006 15:16:30 0 0 1 0 00 019
0 07-06-2006 15:17:00 0 0 1 0 00 022
0 07-06-2006 15:17:30 0 0 1 0 00 010
0 07-06-2006 15:18:00 0 0 1 0 09 030
0 07-06-2006 15:18:30 0 0 1 0 15 031
0 07-06-2006 15:19:00 0 0 1 0 15 010
0 07-06-2006 15:19:30 0 0 1 0 15 019
0 07-06-2006 15:20:00 0 0 1 0 15 031
0 07-06-2006 15:20:30 0 0 1 0 15 010
0 07-06-2006 15:21:00 0 0 1 0 15 015
0 07-06-2006 15:21:30 0 0 1 0 15 021
0 07-06-2006 15:22:00 0 0 1 0 15 017
0 07-06-2006 15:22:30 0 0 1 0 15 026
0 07-06-2006 15:23:00 0 0 1 0 15 010
0 07-06-2006 15:23:30 0 0 1 0 15 028
0 07-06-2006 15:24:00 0 0 1 0 14 010
0 07-06-2006 15:24:30 0 0 1 0 15 029
0 07-06-2006 15:25:00 0 0 1 0 15 010
0 07-06-2006 15:25:30 0 0 1 0 15 022
0 07-06-2006 15:26:00 0 0 1 0 15 032
0 07-06-2006 15:26:30 0 0 1 0 15 023
0 07-06-2006 15:27:00 0 0 1 0 15 025
0 07-06-2006 15:27:30 0 0 1 0 15 024
0 07-06-2006 15:28:00 0 0 1 0 15 014
0 07-06-2006 15:28:30 0 0 1 0 15 018
0 07-06-2006 15:29:00 0 0 1 0 15 014
0 07-06-2006 15:29:30 0 0 1 0 14 046
0 07-06-2006 15:30:00 0 0 1 0 04 019
0 07-06-2006 15:30:30 0 0 1 0 00 017
0 07-06-2006 15:31:00 0 0 1 0 03 018
0 07-06-2006 15:31:30 0 0 1 0 00 023
0 07-06-2006 15:32:00 0 0 1 0 07 030
0 07-06-2006 15:32:30 0 0 1 0 00 015
0 07-06-2006 15:33:00 0 0 1 0 00 021
0 07-06-2006 15:33:30 0 0 1 0 02 032
0 07-06-2006 15:34:00 0 0 1 0 00 010
0 07-06-2006 15:34:30 0 0 1 0 09 022
0 07-06-2006 15:35:00 0 0 1 0 15 020
0 07-06-2006 15:35:30 0 0 1 0 15 011
0 07-06-2006 15:36:00 0 0 1 0 15 021
0 07-06-2006 15:36:30 0 0 1 0 15 019
0 07-06-2006 15:37:00 0 0 1 0 15 010
0 07-06-2006 15:37:30 0 0 1 0 15 024
0 07-06-2006 15:38:00 0 0 1 0 15 012
0 07-06-2006 15:38:30 0 0 1 0 15 022
0 07-06-2006 15:39:00 0 0 1 0 15 017
0 07-06-2006 15:39:30 0 0 1 0 15 018
0 07-06-2006 15:40:00 0 0 1 0 13 022
0 07-06-2006 15:40:30 0 0 1 0 04 033
0 07-06-2006 15:41:00 0 0 1 0 06 032
0 07-06-2006 15:41:30 0 0 1 0 04 010
0 07-06-2006 15:42:00 0 0 1 0 00 022
0 07-06-2006 15:42:30 0 0 1 0 08 014
0 07-06-2006 15:43:00 0 0 1 0 15 019
0 07-06-2006 15:43:30 0 0 1 0 15 026
0 07-06-2006 15:44:00 0 0 1 0 15 026
0 07-06-2006 15:44:30 0 0 1 0 11 016
0 07-06-2006 15:45:00 0 0 1 0 00 023
0 07-06-2006 15:45:30 0 0 1 0 00 021
0 07-06-2006 15:46:00 0 0 1 0 02 016
0 07-06-2006 15:46:30 0 0 1 0 02 034
0 07-06-2006 15:47:00 0 0 1 0 11 032
0 07-06-2006 15:47:30 0 0 1 0 15 020
0 07-06-2006 15:48:00 0 0 1 0 15 019
0 07-06-2006 15:48:30 0 0 1 0 15 010
0 07-06-2006 15:49:00 0 0 1 0 15 022
0 07-06-2006 15:49:30 0 0 1 0 15 033
0 07-06-2006 15:50:00 0 0 1 0 11 026
0 07-06-2006 15:50:30 0 0 1 0 00 036
0 07-06-2006 15:51:00 0 0 1 0 00 018
0 07-06-2006 15:51:30 0 0 1 0 00 021
0 07-06-2006 15:52:00 0 0 1 0 00 014
0 07-06-2006 15:52:30 0 0 1 0 00 010
0 07-06-2006 15:53:00 0 0 1 0 04 026
0 07-06-2006 15:53:30 0 0 1 0 00 020
0 07-06-2006 15:54:00 0 0 1 0 00 025
0 07-06-2006 15:54:30 0 0 1 0 00 028
0 07-06-2006 15:55:00 0 0 1 0 00 010
0 07-06-2006 15:55:30 0 0 1 0 00 021
0 07-06-2006 15:56:00 0 0 1 0 04 018
0 07-06-2006 15:56:30 0 0 1 0 00 027
0 07-06-2006 15:57:00 0 0 1 0 00 032
0 07-06-2006 15:57:30 0 0 1 0 00 023
0 07-06-2006 15:58:00 0 0 1 0 00 034
0 07-06-2006 15:58:30 0 0 1 0 03 024
0 07-06-2006 15:59:00 0 0 1 0 04 011
0 07-06-2006 15:59:30 0 0 1 0 00 031
0 07-06-2006 16:00:00 0 0 1 0 00 025
0 07-06-2006 16:00:30 0 0 1 0 00 022
0 07-06-2006 16:01:00 0 0 1 0 00 010
0 07-06-2006 16:01:30 0 0 1 0 00 025
0 07-06-2006 16:02:00 0 0 1 0 00 024
0 07-06-2006 16:02:30 0 0 1 0 01 021
0 07-06-2006 16:03:00 0 0 1 0 08 010
0 07-06-2006 16:03:30 0 0 1 0 15 026
0 07-06-2006 16:04:00 0 0 1 0 15 026
0 07-06-2006 16:04:30 0 0 1 0 15 021
0 07-06-2006 16:05:00 0 0 1 0 13 024
0 07-06-2006 16:05:30 0 0 1 0 02 017
0 07-06-2006 16:06:00 0 0 1 0 08 019
0 07-06-2006 16:06:30 0 0 1 0 00 025
0 07-06-2006 16:07:00 0 0 1 0 03 017
0 07-06-2006 16:07:30 0 0 1 0 00 023
0 07-06-2006 16:08:00 0 0 1 0 02 018
0 07-06-2006 16:08:30 0 0 1 0 00 017
0 07-06-2006 16:09:00 0 0 1 0 00 014
0 07-06-2006 16:09:30 0 0 1 0 00 030
0 07-06-2006 16:10:00 0 0 1 0 00 028
0 07-06-2006 16:10:30 0 0 1 0 00 013
0 07-06-2006 16:11:00 0 0 1 0 00 018
0 07-06-2006 16:11:30 0 0 1 0 00 037
0 07-06-2006 16:12:00 0 0 1 0 00 027
0 07-06-2006 16:12:30 0 0 1 0 04 027
0 07-06-2006 16:13:00 0 0 1 0 04 018
0 07-06-2006 16:13:30 0 0 1 0 09 036
0 07-06-2006 16:14:00 0 0 1 0 15 024
0 07-06-2006 16:14:30 0 0 1 0 15 024
0 07-06-2006 16:15:00 0 0 1 0 15 024
0 07-06-2006 16:15:30 0 0 1 0 15 026
0 07-06-2006 16:16:00 0 0 1 0 15 020
0 07-06-2006 16:16:30 0 0 1 0 15 028
0 07-06-2006 16:17:00 0 0 1 0 15 030
0 07-06-2006 16:17:30 0 0 1 0 15 026
0 07-06-2006 16:18:00 0 0 1 0 15 010
0 07-06-2006 16:18:30 0 0 1 0 15 010
0 07-06-2006 16:19:00 0 0 1 0 15 017
0 07-06-2006 16:19:30 0 0 1 0 15 012
0 07-06-2006 16:20:00 0 0 1 0 15 017
0 07-06-2006 16:20:30 0 0 1 0 15 021
0 07-06-2006 16:21:00 0 0 1 0 09 013
0 07-06-2006 16:21:30 0 0 1 0 00 010
0 07-06-2006 16:22:00 0 0 1 0 00 026
0 07-06-2006 16:22:30 0 0 1 0 00 016
0 07-06-2006 16:23:00 0 0 1 0 00 017
0 07-06-2006 16:23:30 0 0 1 0 00 044
0 07-06-2006 16:24:00 0 0 1 0 00 029
0 07-06-2006 16:24:30 0 0 1 0 00 014
0 07-06-2006 16:25:00 0 0 1 0 00 019
0 07-06-2006 16:25:30 0 0 1 0 00 010
0 07-06-2006 16:26:00 0 0 1 0 00 022
0 07-06-2006 16:26:30 0 0 1 0 00 011
0 07-06-2006 16:27:00 0 0 1 0 00 012
0 07-06-2006 16:27:30 0 0 1 0 00 020
0 07-06-2006 16:28:00 0 0 1 0 00 016
0 07-06-2006 16:28:30 0 0 1 0 00 023
0 07-06-2006 16:29:00 0 0 1 0 00 010
0 07-06-2006 16:29:30 0 0 1 0 00 010
0 07-06-2006 16:30:00 0 0 1 0 00 019
0 07-06-2006 16:30:30 0 0 1 0 00 010
0 07-06-2006 16:31:00 0 0 1 0 00 025
0 07-06-2006 16:31:30 0 0 1 0 00 011
0 07-06-2006 16:32:00 0 0 1 0 07 022
0 07-06-2006 16:32:30 0 0 1 0 15 017
0 07-06-2006 16:33:00 0 0 1 0 15 014
0 07-06-2006 16:33:30 0 0 1 0 15 029
0 07-06-2006 16:34:00 0 0 1 0 15 010
0 07-06-2006 16:34:30 0 0 1 0 15 023
0 07-06-2006 16:35:00 0 0 1 0 15 030
0 07-06-2006 16:35:30 0 0 1 0 15 013
0 07-06-2006 16:36:00 0 0 1 0 13 032
0 07-06-2006 16:36:30 0 0 1 0 15 020
0 07-06-2006 16:37:00 0 0 1 0 15 033
0 07-06-2006 16:37:30 0 0 1 0 15 013
0 07-06-2006 16:38:00 0 0 1 0 15 010
0 07-06-2006 16:38:30 0 0 1 0 10 030
0 07-06-2006 16:39:00 0 0 1 0 00 022
0 07-06-2006 16:39:30 0 0 1 0 00 021
0 07-06-2006 16:40:00 0 0 1 0 00 021
0 07-06-2006 16:40:30 0 0 1 0 00 020
0 07-06-2006 16:41:00 0 0 1 0 00 027
0 07-06-2006 16:41:30 0 0 1 0 00 018
0 07-06-2006 16:42:00 0 0 1 0 00 019
0 07-06-2006 16:42:30 0 0 1 0 00 011
0 07-06-2006 16:43:00 0 0 1 0 00 032
0 07-06-2006 16:43:30 0 0 1 0 00 043
0 07-06-2006 16:44:00 0 0 1 0 00 034
0 07-06-2006 16:44:30 0 0 1 0 00 028
0 07-06-2006 16:45:00 0 0 1 0 00 034
0 07-06-2006 16:45:30 0 0 1 0 00 020
0 07-06-2006 16:46:00 0 0 1 0 00 026
0 07-06-2006 16:46:30 0 0 1 0 11 028
0 07-06-2006 16:47:00 0 0 0 0 15 035
0 07-06-2006 16:47:30 0 0 0 0 13 038
0 07-06-2006 16:48:00 0 0 0 0 15 048
0 07-06-2006 16:48:30 0 0 0 0 15 042
0 07-06-2006 16:49:00 0 0 0 0 13 046
0 07-06-2006 16:49:30 0 0 0 0 13 055
0 07-06-2006 16:50:00 0 0 0 0 15 054
0 07-06-2006 16:50:30 0 0 0 0 15 053
0 07-06-2006 16:51:00 0 0 0 0 15 057
0 07-06-2006 16:51:30 0 0 0 0 15 046
0 07-06-2006 16:52:00 0 0 0 0 15 055
0 07-06-2006 16:52:30 0 0 0 0 15 062
0 07-06-2006 16:53:00 0 0 0 0 04 063
0 07-06-2006 16:53:30 0 0 0 0 00 060
0 07-06-2006 16:54:00 0 0 0 0 00 059
0 07-06-2006 16:54:30 0 0 0 0 00 058
0 07-06-2006 16:55:00 0 0 0 0 00 061
0 07-06-2006 16:55:30 0 0 0 0 00 064
0 07-06-2006 16:56:00 0 0 0 0 00 067
0 07-06-2006 16:56:30 0 0 0 0 00 065
0 07-06-2006 16:57:00 0 0 0 0 04 068
0 07-06-2006 16:57:30 0 0 0 0 11 070
0 07-06-2006 16:58:00 0 0 0 0 14 073
0 07-06-2006 16:58:30 0 0 0 0 15 071
0 07-06-2006 16:59:00 0 0 0 0 15 079
0 07-06-2006 16:59:30 0 0 0 0 15 080
0 07-06-2006 17:00:00 0 0 0 0 15 082
0 07-06-2006 17:00:30 0 0 0 0 15 083
0 07-06-2006 17:01:00 0 0 0 0 15 078
0 07-06-2006 17:01:30 0 0 0 0 15 077
0 07-06-2006 17:02:00 0 0 0 0 15 082
0 07-06-2006 17:02:30 0 0 0 0 15 081
0 07-06-2006 17:03:00 0 0 0 0 15 084
0 07-06-2006 17:03:30 0 0 0 0 15 079
0 07-06-2006 17:04:00 0 0 0 0 15 075
0 07-06-2006 17:04:30 0 0 0 0 15 074
0 07-06-2006 17:05:00 0 0 0 0 15 078
0 07-06-2006 17:05:30 0 0 0 0 15 082
0 07-06-2006 17:06:00 0 0 0 0 15 080
0 07-06-2006 17:06:30 0 0 0 0 15 076
0 07-06-2006 17:07:00 0 0 0 0 15 071
0 07-06-2006 17:07:30 0 0 0 0 00 070
0 07-06-2006 17:08:00 0 0 0 0 00 068
0 07-06-2006 17:08:30 0 0 0 0 04 066
0 07-06-2006 17:09:00 0 0 0 0 00 065
0 07-06-2006 17:09:30 0 0 0 0 00 069
0 07-06-2006 17:10:00 0 0 0 0 00 070
0 07-06-2006 17:10:30 0 0 0 0 00 071
0 07-06-2006 17:11:00 0 0 0 0 00 074
0 07-06-2006 17:11:30 0 0 0 0 00 067
0 07-06-2006 17:12:00 0 0 0 0 00 069
0 07-06-2006 17:12:30 0 0 0 0 00 063
0 07-06-2006 17:13:00 0 0 0 0 00 067
0 07-06-2006 17:13:30 0 0 0 0 03 075
0 07-06-2006 17:14:00 0 0 0 0 09 066
0 07-06-2006 17:14:30 0 0 0 0 15 060
0 07-06-2006 17:15:00 0 0 0 0 15 059
0 07-06-2006 17:15:30 0 0 0 0 15 063
0 07-06-2006 17:16:00 0 0 0 0 15 075
0 07-06-2006 17:16:30 0 0 0 0 15 087
0 07-06-2006 17:17:00 0 0 0 0 15 082
0 07-06-2006 17:17:30 0 0 0 0 15 070
0 07-06-2006 17:18:00 0 0 0 0 15 071
0 07-06-2006 17:18:30 0 0 0 0 15 076
0 07-06-2006 17:19:00 0 0 0 0 15 074
0 07-06-2006 17:19:30 0 0 0 0 15 070
0 07-06-2006 17:20:00 0 0 0 0 15 065
0 07-06-2006 17:20:30 0 0 0 0 15 072
0 07-06-2006 17:21:00 0 0 0 0 15 068
0 07-06-2006 17:21:30 0 0 0 0 15 063
0 07-06-2006 17:22:00 0 0 0 0 15 072
0 07-06-2006 17:22:30 0 0 0 0 15 076
0 07-06-2006 17:23:00 0 0 0 0 15 064
0 07-06-2006 17:23:30 0 0 0 0 08 065
0 07-06-2006 17:24:00 0 0 0 0 00 064
0 07-06-2006 17:24:30 0 0 0 0 00 064
0 07-06-2006 17:25:00 0 0 0 0 00 064
0 07-06-2006 17:25:30 0 0 0 0 00 065
0 07-06-2006 17:26:00 0 0 0 0 09 068
0 07-06-2006 17:26:30 0 0 0 0 15 069
0 07-06-2006 17:27:00 0 0 0 0 15 067
0 07-06-2006 17:27:30 0 0 0 0 15 064
0 07-06-2006 17:28:00 0 0 0 0 15 066
0 07-06-2006 17:28:30 0 0 0 0 15 067
0 07-06-2006 17:29:00 0 0 0 0 15 066
0 07-06-2006 17:29:30 0 0 0 0 15 067
0 07-06-2006 17:30:00 0 0 0 0 15 067
0 07-06-2006 17:30:30 0 0 0 0 15 068
0 07-06-2006 17:31:00 0 0 0 0 15 078
0 07-06-2006 17:31:30 0 0 0 0 15 078
0 07-06-2006 17:32:00 0 0 0 0 14 076
0 07-06-2006 17:32:30 0 0 0 0 15 074
0 07-06-2006 17:33:00 0 0 0 0 15 077
0 07-06-2006 17:33:30 0 0 0 0 15 078
0 07-06-2006 17:34:00 0 0 0 0 15 076
0 07-06-2006 17:34:30 0 0 0 0 15 076
0 07-06-2006 17:35:00 0 0 0 0 15 074
0 07-06-2006 17:35:30 0 0 0 0 15 076
0 07-06-2006 17:36:00 0 0 0 0 15 076
0 07-06-2006 17:36:30 0 0 0 0 15 074
0 07-06-2006 17:37:00 0 0 0 0 15 076
0 07-06-2006 17:37:30 0 0 0 0 14 075
0 07-06-2006 17:38:00 0 0 0 0 04 068
0 07-06-2006 17:38:30 0 0 0 0 00 061
0 07-06-2006 17:39:00 0 0 0 0 03 061
0 07-06-2006 17:39:30 0 0 0 0 00 061
0 07-06-2006 17:40:00 0 0 0 0 07 061
0 07-06-2006 17:40:30 0 0 0 0 00 062
0 07-06-2006 17:41:00 0 0 0 0 00 062
0 07-06-2006 17:41:30 0 0 0 0 02 062
0 07-06-2006 17:42:00 0 0 0 0 00 061
0 07-06-2006 17:42:30 0 0 0 0 09 060
0 07-06-2006 17:43:00 0 0 0 0 15 060
0 07-06-2006 17:43:30 0 0 0 0 15 062
0 07-06-2006 17:44:00 0 0 0 0 15 063
0 07-06-2006 17:44:30 0 0 0 0 15 062
0 07-06-2006 17:45:00 0 0 0 0 15 062
0 07-06-2006 17:45:30 0 0 0 0 15 066
0 07-06-2006 17:46:00 0 0 0 0 15 078
0 07-06-2006 17:46:30 0 0 0 0 15 077
0 07-06-2006 17:47:00 0 0 0 0 15 077
0 07-06-2006 17:47:30 0 0 0 0 15 077
0 07-06-2006 17:48:00 0 0 0 0 13 077
0 07-06-2006 17:48:30 0 0 0 0 04 077
0 07-06-2006 17:49:00 0 0 0 0 06 076
0 07-06-2006 17:49:30 0 0 0 0 04 076
0 07-06-2006 17:50:00 0 0 0 0 00 075
0 07-06-2006 17:50:30 0 0 0 0 08 075
0 07-06-2006 17:51:00 0 0 0 0 15 076
0 07-06-2006 17:51:30 0 0 0 0 15 075
0 07-06-2006 17:52:00 0 0 0 0 15 071
0 07-06-2006 17:52:30 0 0 0 0 11 066
0 07-06-2006 17:53:00 0 0 0 0 00 063
0 07-06-2006 17:53:30 0 0 0 0 00 061
0 07-06-2006 17:54:00 0 0 0 0 02 061
0 07-06-2006 17:54:30 0 0 0 0 02 062
0 07-06-2006 17:55:00 0 0 0 0 11 062
0 07-06-2006 17:55:30 0 0 0 0 15 062
0 07-06-2006 17:56:00 0 0 0 0 15 064
0 07-06-2006 17:56:30 0 0 0 0 15 073
0 07-06-2006 17:57:00 0 0 0 0 15 072
0 07-06-2006 17:57:30 0 0 0 0 15 074
0 07-06-2006 17:58:00 0 0 0 0 11 074
0 07-06-2006 17:58:30 0 0 0 0 00 072
0 07-06-2006 17:59:00 0 0 0 0 00 074
0 07-06-2006 17:59:30 0 0 0 0 00 077
0 07-06-2006 18:00:00 0 0 0 0 00 080
0 07-06-2006 18:00:30 0 0 0 0 00 079
0 07-06-2006 18:01:00 0 0 0 0 04 075
0 07-06-2006 18:01:30 0 0 0 0 00 075
0 07-06-2006 18:02:00 0 0 0 0 00 077
0 07-06-2006 18:02:30 0 0 0 0 00 076
0 07-06-2006 18:03:00 0 0 0 0 00 074
0 07-06-2006 18:03:30 0 0 0 0 00 076
0 07-06-2006 18:04:00 0 0 0 0 04 078
0 07-06-2006 18:04:30 0 0 0 0 00 078
0 07-06-2006 18:05:00 0 0 0 0 00 077
0 07-06-2006 18:05:30 0 0 0 0 00 076
0 07-06-2006 18:06:00 0 0 0 0 00 080
0 07-06-2006 18:06:30 0 0 0 0 03 075
0 07-06-2006 18:07:00 0 0 0 0 04 067
0 07-06-2006 18:07:30 0 0 0 0 00 065
0 07-06-2006 18:08:00 0 0 0 0 00 065
0 07-06-2006 18:08:30 0 0 0 0 00 062
0 07-06-2006 18:09:00 0 0 0 0 00 062
0 07-06-2006 18:09:30 0 0 0 0 00 062
0 07-06-2006 18:10:00 0 0 0 0 00 061
0 07-06-2006 18:10:30 0 0 0 0 01 061
0 07-06-2006 18:11:00 0 0 0 0 08 062
0 07-06-2006 18:11:30 0 0 0 0 15 063
0 07-06-2006 18:12:00 0 0 0 0 15 060
0 07-06-2006 18:12:30 0 0 0 0 15 061
0 07-06-2006 18:13:00 0 0 0 0 13 072
0 07-06-2006 18:13:30 0 0 0 0 02 073
0 07-06-2006 18:14:00 0 0 0 0 08 072
0 07-06-2006 18:14:30 0 0 0 0 00 075
0 07-06-2006 18:15:00 0 0 0 0 03 075
0 07-06-2006 18:15:30 0 0 0 0 00 076
0 07-06-2006 18:16:00 0 0 0 0 02 076
0 07-06-2006 18:16:30 0 0 0 0 00 076
0 07-06-2006 18:17:00 0 0 0 0 00 080
0 07-06-2006 18:17:30 0 0 0 0 00 081
0 07-06-2006 18:18:00 0 0 0 0 00 080
0 07-06-2006 18:18:30 0 0 0 0 00 081
0 07-06-2006 18:19:00 0 0 0 0 00 079
0 07-06-2006 18:19:30 0 0 0 0 00 078
0 07-06-2006 18:20:00 0 0 0 0 00 077
0 07-06-2006 18:20:30 0 0 0 0 04 080
0 07-06-2006 18:21:00 0 0 0 0 04 080
0 07-06-2006 18:21:30 0 0 0 0 09 080
0 07-06-2006 18:22:00 0 0 0 0 15 082
0 07-06-2006 18:22:30 0 0 0 0 15 079
0 07-06-2006 18:23:00 0 0 0 0 15 069
0 07-06-2006 18:23:30 0 0 0 0 15 063
0 07-06-2006 18:24:00 0 0 0 0 15 063
0 07-06-2006 18:24:30 0 0 0 0 15 061
0 07-06-2006 18:25:00 0 0 0 0 15 078
0 07-06-2006 18:25:30 0 0 0 0 15 086
0 07-06-2006 18:26:00 0 0 0 0 15 076
0 07-06-2006 18:26:30 0 0 0 0 15 081